Gaussian 8 LR from sk-SGD_G0_0001_p32_e15_r0
On train set
mu =  [  144.71187809   191.4973748    363.63933132   368.9204473   2385.57259035
  1362.40326606   728.31018062]  in  (7, 8, 8)
std =  [ 125.65067662  147.07994057  235.16274288  262.88676276  927.00557037
  842.7245097   545.23410243]  in  (7, 8, 8)
true_pos  = 196204
false_pos = 5820657
true_neg  = 15437419
false_neg = 108716
size = 21562996
neg_precision = 0.993006879202
pos_precision = 0.0326090298579
pos_F1        = 0.062072381185
neg_F1        = 0.838894168931
accuracy      = 0.725020910823
neg_recall    = 0.726190789797
pos_recall    = 0.643460579824
balanced_accuracy = 0.68482568481
balanced_acc =  0.68482568481 AUC =  0.758900573717 avg_precision =  0.0567168402776
On cv set
mu =  [  150.8227309    198.28994142   365.46753706   373.66751856  2370.63525823
  1356.64782764   731.00466191]  in  (7, 8, 8)
std =  [ 126.38246319  147.99541069  225.10661372  260.4291769   792.72602026
  819.12928051  548.31700647]  in  (7, 8, 8)
true_pos  = 13983
false_pos = 201656
true_neg  = 580762
false_neg = 9167
size = 805568
neg_precision = 0.984460841898
pos_precision = 0.0648444854595
pos_F1        = 0.117115947552
neg_F1        = 0.846377774717
accuracy      = 0.738292732581
neg_recall    = 0.742265643173
pos_recall    = 0.604017278618
balanced_accuracy = 0.673141460895
balanced_acc =  0.673141460895 AUC =  0.752528670011 avg_precision =  0.092993176715
On test set
mu =  [  187.71059516   241.17685028   432.1189087    445.35419263  2449.03433567
  1617.91561837   904.85205398]  in  (7, 8, 8)
std =  [ 126.89599554  150.74765856  232.81685297  267.69036814  835.23779874
  842.5461939   572.59311036]  in  (7, 8, 8)
true_pos  = 32900
false_pos = 848742
true_neg  = 2153793
false_neg = 10843
size = 3046278
neg_precision = 0.994990843726
pos_precision = 0.0373167340031
pos_F1        = 0.0711055398564
neg_F1        = 0.833644948077
accuracy      = 0.71782450584
neg_recall    = 0.717324860493
pos_recall    = 0.752120339254
balanced_accuracy = 0.734722599874
balanced_acc =  0.734722599874 AUC =  0.814411665158 avg_precision =  0.0665248985733
