Gaussian 8 LR from sk-SGD_G0_001_p16_e15_r1
On train set
mu =  [  144.71187809   191.4973748    363.63933132   368.9204473   2385.57259035
  1362.40326606   728.31018062]  in  (7, 8, 8)
std =  [ 125.65067662  147.07994057  235.16274288  262.88676276  927.00557037
  842.7245097   545.23410243]  in  (7, 8, 8)
true_pos  = 63192
false_pos = 562824
true_neg  = 20695252
false_neg = 241728
size = 21562996
balanced_accuracy = 0.590382735175
neg_recall    = 0.973524226746
pos_precision = 0.100943106885
pos_recall    = 0.207241243605
neg_precision = 0.988454495347
neg_F1        = 0.980932552856
accuracy      = 0.962688301755
pos_F1        = 0.135760138184
balanced_acc =  0.590382735175 AUC =  0.753928592329 avg_precision =  0.0567771779603
On cv set
mu =  [  150.8227309    198.28994142   365.46753706   373.66751856  2370.63525823
  1356.64782764   731.00466191]  in  (7, 8, 8)
std =  [ 126.38246319  147.99541069  225.10661372  260.4291769   792.72602026
  819.12928051  548.31700647]  in  (7, 8, 8)
true_pos  = 5058
false_pos = 29205
true_neg  = 753213
false_neg = 18092
size = 805568
balanced_accuracy = 0.590580762852
neg_recall    = 0.962673404753
pos_precision = 0.147622800105
pos_recall    = 0.21848812095
neg_precision = 0.976543650048
neg_F1        = 0.969558923952
accuracy      = 0.941287389767
pos_F1        = 0.176197028548
balanced_acc =  0.590580762852 AUC =  0.747594049243 avg_precision =  0.0913561640278
On test set
mu =  [  187.71059516   241.17685028   432.1189087    445.35419263  2449.03433567
  1617.91561837   904.85205398]  in  (7, 8, 8)
std =  [ 126.89599554  150.74765856  232.81685297  267.69036814  835.23779874
  842.5461939   572.59311036]  in  (7, 8, 8)
true_pos  = 14704
false_pos = 136107
true_neg  = 2866428
false_neg = 29039
size = 3046278
balanced_accuracy = 0.645407258122
neg_recall    = 0.954669304438
pos_precision = 0.0974995192658
pos_recall    = 0.336145211805
neg_precision = 0.989970875165
neg_F1        = 0.971999670397
accuracy      = 0.945787613606
pos_F1        = 0.151155977261
balanced_acc =  0.645407258122 AUC =  0.805084881148 avg_precision =  0.0652313193663
