Gaussian 8 LR from sk-SGD_weight_G0_0001_p0_e15_rNone
On train set
mu =  [  144.71187809   191.4973748    363.63933132   368.9204473   2385.57259035
  1362.40326606   728.31018062]  in  (7, 8, 8)
std =  [ 125.65067662  147.07994057  235.16274288  262.88676276  927.00557037
  842.7245097   545.23410243]  in  (7, 8, 8)
true_pos  = 196575
false_pos = 6105400
true_neg  = 15152676
false_neg = 108345
size = 21562996
neg_recall    = 0.712796209779
neg_precision = 0.992900540534
pos_F1        = 0.0595060160635
accuracy      = 0.711832947518
balanced_accuracy = 0.678736751092
neg_F1        = 0.829849434667
pos_recall    = 0.644677292405
pos_precision = 0.0311926023191
balanced_acc =  0.678736751092 AUC =  0.751813679445 avg_precision =  0.0516264139653
On cv set
mu =  [  150.8227309    198.28994142   365.46753706   373.66751856  2370.63525823
  1356.64782764   731.00466191]  in  (7, 8, 8)
std =  [ 126.38246319  147.99541069  225.10661372  260.4291769   792.72602026
  819.12928051  548.31700647]  in  (7, 8, 8)
true_pos  = 13876
false_pos = 213509
true_neg  = 568909
false_neg = 9274
size = 805568
neg_recall    = 0.72711645182
neg_precision = 0.983960095679
pos_F1        = 0.110770950167
accuracy      = 0.723446065385
balanced_accuracy = 0.6632558501
neg_F1        = 0.836261328633
pos_recall    = 0.59939524838
pos_precision = 0.0610242540185
balanced_acc =  0.6632558501 AUC =  0.744602797949 avg_precision =  0.0853180327263
On test set
mu =  [  187.71059516   241.17685028   432.1189087    445.35419263  2449.03433567
  1617.91561837   904.85205398]  in  (7, 8, 8)
std =  [ 126.89599554  150.74765856  232.81685297  267.69036814  835.23779874
  842.5461939   572.59311036]  in  (7, 8, 8)
true_pos  = 32632
false_pos = 877125
true_neg  = 2125410
false_neg = 11111
size = 3046278
neg_recall    = 0.707871848288
neg_precision = 0.99479948945
pos_F1        = 0.0684467750393
accuracy      = 0.708419257862
balanced_accuracy = 0.726932746493
neg_F1        = 0.827159696255
pos_recall    = 0.745993644697
pos_precision = 0.0358689188432
balanced_acc =  0.726932746493 AUC =  0.805408484118 avg_precision =  0.0619686889344
