Gaussian 8 LR from sk-SGD_G0_001_p0_e15_r0
On train set
mu =  [  144.71187809   191.4973748    363.63933132   368.9204473   2385.57259035
  1362.40326606   728.31018062]  in  (7, 8, 8)
std =  [ 125.65067662  147.07994057  235.16274288  262.88676276  927.00557037
  842.7245097   545.23410243]  in  (7, 8, 8)
true_pos  = 195
false_pos = 4001
true_neg  = 21254075
false_neg = 304725
size = 21562996
pos_precision = 0.0464728312679
neg_F1        = 0.992789618748
balanced_accuracy = 0.50022565059
accuracy      = 0.985682601805
neg_precision = 0.985865400672
pos_F1        = 0.00126166228859
neg_recall    = 0.999811789176
pos_recall    = 0.000639512003148
balanced_acc =  0.50022565059 AUC =  0.614576991221 avg_precision =  0.0217532549921
On cv set
mu =  [  150.8227309    198.28994142   365.46753706   373.66751856  2370.63525823
  1356.64782764   731.00466191]  in  (7, 8, 8)
std =  [ 126.38246319  147.99541069  225.10661372  260.4291769   792.72602026
  819.12928051  548.31700647]  in  (7, 8, 8)
true_pos  = 3
false_pos = 212
true_neg  = 782206
false_neg = 23147
size = 805568
pos_precision = 0.0139534883721
neg_F1        = 0.985288180726
balanced_accuracy = 0.499929317361
accuracy      = 0.971003068642
neg_precision = 0.971258566119
pos_F1        = 0.000256794350524
neg_recall    = 0.999729045088
pos_recall    = 0.000129589632829
balanced_acc =  0.499929317361 AUC =  0.612874676916 avg_precision =  0.0435935669138
On test set
mu =  [  187.71059516   241.17685028   432.1189087    445.35419263  2449.03433567
  1617.91561837   904.85205398]  in  (7, 8, 8)
std =  [ 126.89599554  150.74765856  232.81685297  267.69036814  835.23779874
  842.5461939   572.59311036]  in  (7, 8, 8)
true_pos  = 34
false_pos = 878
true_neg  = 3001657
false_neg = 43709
size = 3046278
pos_precision = 0.0372807017544
neg_F1        = 0.992627690169
balanced_accuracy = 0.500242423824
accuracy      = 0.985363450086
neg_precision = 0.985647373748
pos_F1        = 0.00152278580226
neg_recall    = 0.999707580428
pos_recall    = 0.000777267219898
balanced_acc =  0.500242423824 AUC =  0.65770313169 avg_precision =  0.0259287634553
