Gaussian 8 LR from sk-SGD_G0_001_p8_e15_r0
On train set
mu =  [  144.71187809   191.4973748    363.63933132   368.9204473   2385.57259035
  1362.40326606   728.31018062]  in  (7, 8, 8)
std =  [ 125.65067662  147.07994057  235.16274288  262.88676276  927.00557037
  842.7245097   545.23410243]  in  (7, 8, 8)
true_pos  = 24364
false_pos = 169238
true_neg  = 21088838
false_neg = 280556
size = 21562996
pos_precision = 0.125845807378
pos_recall    = 0.0799029253575
accuracy      = 0.979140468235
pos_F1        = 0.097744934025
neg_precision = 0.986871129804
neg_recall    = 0.992038884422
balanced_accuracy = 0.53597090489
neg_F1        = 0.989448259538
balanced_acc =  0.53597090489 AUC =  0.749255365701 avg_precision =  0.0569957155027
On cv set
mu =  [  150.8227309    198.28994142   365.46753706   373.66751856  2370.63525823
  1356.64782764   731.00466191]  in  (7, 8, 8)
std =  [ 126.38246319  147.99541069  225.10661372  260.4291769   792.72602026
  819.12928051  548.31700647]  in  (7, 8, 8)
true_pos  = 2161
false_pos = 10739
true_neg  = 771679
false_neg = 20989
size = 805568
pos_precision = 0.167519379845
pos_recall    = 0.0933477321814
accuracy      = 0.960614125685
pos_F1        = 0.119889042996
neg_precision = 0.973521070612
neg_recall    = 0.986274600022
balanced_accuracy = 0.539811166102
neg_F1        = 0.979856338003
balanced_acc =  0.539811166102 AUC =  0.745300324104 avg_precision =  0.0917456984477
On test set
mu =  [  187.71059516   241.17685028   432.1189087    445.35419263  2449.03433567
  1617.91561837   904.85205398]  in  (7, 8, 8)
std =  [ 126.89599554  150.74765856  232.81685297  267.69036814  835.23779874
  842.5461939   572.59311036]  in  (7, 8, 8)
true_pos  = 6631
false_pos = 55292
true_neg  = 2947243
false_neg = 37112
size = 3046278
pos_precision = 0.107084605074
pos_recall    = 0.151589968681
accuracy      = 0.969666589852
pos_F1        = 0.125508678288
neg_precision = 0.987564482108
neg_recall    = 0.981584894098
balanced_accuracy = 0.566587431389
neg_F1        = 0.984565609189
balanced_acc =  0.566587431389 AUC =  0.799728754171 avg_precision =  0.0650376639351
